331
2274
168
114
1177
95
82
886
67
74
759
59
77
707
57
87
698
65
154
1850
157
110
1213
92
83
826
70
79
677
61
76
716
59
89
740
64
159
1876
161
115
1206
92
92
843
74
75
735
63
75
745
62
90
702
58
154
1899
170
116
1212
90
90
895
72
73
749
60
80
740
60
81
711
62
151
1877
161
109
1242
97
115
869
65
75
727
61
79
721
60
76
733
60
152
1898
159
112
1178
92
90
880
71
78
741
58
72
744
58
77
716
58
167
1900
158
111
1158
94
80
849
71
74
725
58
79
755
61
79
714
62
155
1909
159
110
1150
97
84
875
68
76
716
58
83
741
62
76
726
69
158
1885
159
113
1203
90
86
911
69
74
785
57
78
729
57
84
732
60
153
1872
158
113
1193
89
78
856
68
75
698
60
78
718
57
81
700
61
153
1950
162
117
1196
89
80
867
71
73
764
59
78
735
59
80
692
59
162
1835
165
110
1318
106
100
872
67
74
742
59
75
733
65
77
723
58
152
1946
169
114
1199
91
87
862
64
77
727
64
74
769
60
82
724
59
158
1878
160
112
1215
89
83
842
103
75
749
66
74
734
56
76
745
61
157
1877
157
115
1168
97
84
846
66
86
751
58
73
734
59
77
706
61
152
1898
165
110
1151
86
81
846
72
76
775
60
76
738
64
77
709
61
161
1879
161
113
1152
93
86
888
69
82
746
62
75
743
58
79
775
61
151
1907
171
110
1174
92
90
882
78
79
734
59
74
713
65
78
724
59
152
1856
161
108
1186
87
88
897
65
73
742
58
80
726
58
78
709
58
157
1855
159
109
1142
92
83
849
72
73
714
58
72
721
64
78
730
59
148
1879
161
111
1158
90
87
864
69
82
743
57
74
717
72
76
718
57
156
1872
159
130
1330
90
83
824
67
73
725
58
73
727
62
76
719
61
155
1892
165
118
1128
87
80
834
102
73
732
58
78
718
57
79
714
58
154
1846
155
119
1176
92
83
861
68
75
726
65
72
715
59
80
734
62
154
1837
157
120
1183
93
82
859
65
74
725
69
74
729
60
82
761
59
154
1893
158
112
1180
92
84
837
67
74
710
64
73
746
61
80
745
60
149
1857
159
116
1219
92
80
791
67
78
760
58
88
739
58
75
730
59
153
1975
163
113
1187
89
82
880
65
79
708
64
74
734
57
77
718
67
152
1840
157
146
1287
98
106
864
73
76
762
58
82
734
64
86
726
59
156
1882
157
113
1172
95
80
822
71
75
769
63
82
740
59
78
731
91
157
1905
170
115
1198
96
81
826
66
87
745
67
79
744
74
78
729
59
153
1924
163
111
1193
96
90
879
70
76
772
60
75
748
61
87
756
59
160
2313
160
121
1191
92
86
856
72
92
790
68
98
765
63
82
727
61
277
1917
164
116
1178
92
92
893
73
83
834
63
76
827
59
79
732
59
154
1938
160
117
1227
96
83
884
68
75
775
58
74
766
67
76
762
60
157
1913
159
116
1169
100
80
844
78
73
726
61
79
727
93
88
715
58
152
1884
155
116
1226
114
89
866
67
76
784
65
79
728
58
79
748
62
155
1867
156
114
1183
90
90
857
73
79
795
66
91
746
60
82
759
61
159
1901
177
116
1178
93
84
880
66
84
759
71
79
755
58
76
737
61
157
1887
159
108
1216
98
83
886
76
76
736
57
74
733
74
80
733
60
156
1922
164
120
1175
106
83
859
79
78
752
58
74
738
62
91
734
61
156
1897
162
111
1197
102
83
859
75
77
748
61
75
736
65
86
724
64
157
1941
162
120
1207
148
86
894
81
76
774
58
72
734
58
84
731
66
156
1861
159
120
1222
103
81
859
67
72
774
63
73
731
74
79
723
63
161
1877
157
116
1218
94
83
880
77
74
746
63
77
757
60
87
728
61
156
1901
162
114
1215
92
84
842
72
76
772
65
75
746
66
81
708
59
154
1895
163
116
1217
90
84
834
78
75
766
63
72
729
59
84
727
61
152
1839
156
119
1213
90
83
891
67
85
770
59
78
739
61
79
716
59
158
1935
161
116
1216
90
86
919
74
79
754
64
77
770
60
82
749
63
185
1957
172
115
1199
95
82
873
67
74
789
60
78
762
63
82
744
58
