1098
5723
433
73
584
51
70
565
51
83
814
60
103
906
91
142
1784
86
443
5223
394
70
594
53
76
544
52
77
822
59
100
864
87
138
1762
86
436
5161
388
68
569
51
67
548
49
74
760
60
100
880
98
139
1786
93
418
5223
400
70
575
52
72
569
51
77
789
60
107
910
86
136
1751
85
452
5310
406
67
568
52
68
514
57
76
742
59
100
868
89
138
1782
88
419
5197
406
71
575
51
71
543
51
82
786
61
101
888
91
154
1805
91
423
5219
424
70
578
52
69
538
51
80
803
59
105
911
88
140
1796
88
430
5226
393
69
572
51
78
544
49
72
741
56
96
860
87
129
1757
83
421
5192
393
68
574
51
72
539
49
76
743
54
97
840
80
133
1683
84
412
5177
400
69
581
51
78
523
49
74
729
53
99
853
81
128
1682
87
418
5164
396
68
579
51
80
522
47
73
721
53
94
805
79
124
1632
80
407
5283
396
68
571
52
75
533
50
74
730
55
107
835
83
134
1712
85
427
5196
397
68
578
52
75
539
52
77
772
57
99
876
85
139
1793
88
418
5208
396
70
582
51
69
532
48
71
706
52
90
823
81
126
1681
94
417
5167
396
68
570
51
69
541
50
79
745
58
95
840
81
130
1700
85
422
5183
515
67
581
50
70
529
51
82
726
53
93
831
82
126
1657
83
419
5198
413
68
607
56
90
570
50
75
774
58
97
847
86
146
1748
86
416
5259
395
68
577
52
82
536
49
76
762
54
96
893
88
137
1758
87
426
5208
394
69
585
51
70
543
50
75
723
55
107
838
81
129
1693
91
420
5301
417
68
581
51
69
552
52
91
960
55
95
853
99
134
1748
87
417
5333
396
68
573
51
80
540
49
79
763
55
95
825
81
127
1718
85
420
5264
404
69
576
50
69
556
51
78
779
60
115
877
85
132
1713
84
419
5275
412
75
581
51
70
552
52
92
759
55
97
845
95
134
1685
83
419
5274
399
68
751
52
85
547
50
78
774
58
104
915
87
139
1749
86
423
5228
397
69
574
50
70
538
47
71
723
56
107
820
81
128
1731
84
423
5271
415
67
585
50
69
549
51
95
753
55
97
849
80
147
1735
86
421
5283
398
69
591
50
68
558
49
74
777
56
97
844
87
135
1733
83
422
5300
402
67
582
51
69
544
49
71
723
54
91
864
78
128
1679
81
421
5340
637
71
596
51
71
542
52
77
799
57
100
869
87
152
1765
86
432
5315
404
67
582
51
70
561
49
72
730
57
93
837
80
128
1700
103
422
5343
416
69
596
51
70
543
68
77
746
57
103
881
83
136
1671
85
424
5344
401
87
574
66
71
536
48
73
785
56
98
859
82
131
1755
85
429
5407
402
68
593
51
68
548
51
74
736
77
95
846
81
125
1693
103
435
5348
669
70
595
52
68
547
67
75
758
54
103
879
84
132
1762
87
438
5414
416
88
580
70
69
567
49
78
796
58
101
827
80
131
1720
86
427
5398
403
67
600
52
69
587
51
76
781
60
120
854
84
140
1758
84
426
5426
433
72
606
51
72
557
52
93
771
55
101
853
85
154
1738
87
426
5467
400
69
590
50
86
535
52
76
764
58
97
860
83
134
1738
85
425
5677
406
70
588
51
69
547
49
75
734
51
112
840
82
136
1702
88
433
5420
428
67
596
50
72
540
49
94
736
55
92
801
99
133
1736
87
430
5398
420
69
595
69
69
542
50
74
768
55
96
903
85
137
1791
85
431
5388
405
67
593
52
68
554
50
70
728
76
95
867
81
128
1683
81
784
5365
439
69
601
51
70
556
70
79
774
61
100
894
88
136
1757
86
428
5464
402
86
581
70
71
544
52
77
755
56
96
875
85
134
1742
84
430
5451
414
67
606
52
71
576
50
76
797
55
116
873
88
136
1741
85
427
5450
433
67
589
51
68
545
51
95
753
56
95
873
87
130
1708
86
437
5793
416
70
600
72
67
526
50
72
788
56
97
847
80
130
1731
85
428
5431
405
68
601
50
69
565
49
70
712
56
116
845
81
131
1770
87
462
5830
456
69
628
52
74
578
76
76
801
62
102
919
88
143
1806
86
447
5795
426
70
628
51
96
562
53
80
836
61
103
899
89
140
1850
87
443
5772
417
70
622
52
73
600
50
78
776
63
101
912
86
137
1780
88
448
5810
426
97
594
79
67
570
51
76
805
62
102
903
85
135
1834
90
453
6328
419
68
623
51
70
586
49
78
768
83
112
876
85
133
1785
88
495
5589
433
70
603
51
73
563
72
79
803
62
100
909
84
137
1791
89
440
5535
410
90
594
73
71
552
51
76
787
58
99
864
82
132
1761
87
432
5492
410
67
605
51
68
562
50
72
733
76
93
863
85
132
1650
86
451
5535
431
72
610
52
70
548
52
97
768
60
99
886
113
138
1796
88
434
5939
415
70
605
52
91
545
49
74
808
59
98
870
87
137
1800
86
435
5511
417
69
602
51
72
558
50
73
728
56
118
874
86
134
1739
83
429
5518
430
66
609
50
71
552
52
77
785
60
101
870
87
160
1759
86
427
5505
428
68
628
51
72
580
52
79
812
59
103
883
86
136
1766
111
437
5548
899
70
611
52
71
580
49
74
760
59
100
926
89
139
1738
83
431
5521
430
67
614
52
71
537
53
73
780
59
100
871
86
128
1725
81
433
5518
402
67
600
52
71
568
50
74
726
80
92
834
84
136
1708
84
453
5558
430
67
605
51
71
544
74
75
745
55
98
883
84
139
1763
86
435
5607
417
71
617
75
69
572
52
80
822
58
102
892
86
139
1780
87
432
5539
412
68
616
51
71
591
52
73
742
55
120
889
87
135
1761
89
436
6100
445
69
606
51
71
547
52
80
801
56
95
878
87
163
1771
88
435
5542
407
70
608
50
70
579
49
76
786
58
96
845
82
125
1716
84
434
5541
431
70
610
50
70
583
52
78
794
57
99
926
87
139
1757
86
446
5531
409
90
584
74
68
548
49
81
809
56
96
865
78
125
1697
82
432
5567
413
69
608
51
71
579
48
71
739
53
116
830
80
131
1719
86
429
5557
912
75
612
51
71
557
75
78
772
57
97
919
90
145
1771
85
431
5528
421
93
587
77
72
572
51
80
822
60
102
907
90
140
1828
88
427
5616
409
69
616
51
81
590
51
74
786
61
126
892
88
138
1771
85
433
5610
438
69
625
52
70
544
50
99
734
55
96
868
87
166
1817
88
434
5587
406
70
609
52
95
553
49
76
782
55
92
889
84
135
1706
83
428
6080
414
70
605
51
85
594
50
76
780
57
100
938
89
136
1776
85
435
5566
439
71
607
51
69
564
50
104
788
58
103
907
86
171
1822
91
444
5554
418
71
607
51
98
583
52
76
813
56
102
908
88
137
1819
88
435
5644
436
69
611
51
69
602
52
78
819
60
102
916
90
139
1799
87
432
5650
433
68
613
51
70
560
51
78
826
59
103
899
91
139
1834
86
435
6135
422
87
608
52
71
599
51
75
797
82
101
953
88
137
1792
117
440
5598
443
69
612
51
70
591
51
79
800
56
100
896
86
139
1770
86
444
5610
411
96
585
76
71
566
51
77
799
56
99
888
83
137
1788
85
432
5566
411
70
606
52
71
584
54
74
772
84
102
897
86
137
1801
89
460
5590
440
70
609
52
68
555
76
74
759
56
99
881
88
131
1737
86
434
6076
414
92
596
76
71
565
51
78
840
58
100
886
86
138
1797
87
450
5631
413
67
621
52
69
571
51
78
762
82
106
874
88
137
1783
85
437
5626
437
67
622
52
69
558
79
79
787
60
101
925
89
141
1792
88
439
5598
411
94
588
75
71
561
49
75
821
57
101
891
89
138
1820
87
431
6105
415
69
605
51
70
566
51
80
781
84
109
934
89
139
1783
113
441
5625
451
70
605
51
69
589
52
79
794
59
103
930
94
142
1786
89
442
5648
418
95
601
76
71
555
53
80
808
58
100
885
89
139
1810
88
438
5612
424
67
612
50
68
557
51
77
738
87
105
874
86
137
1757
83
461
5579
436
68
617
52
69
541
75
76
772
55
99
910
95
140
1752
86
430
6070
415
67
607
52
93
546
49
74
790
53
97
875
87
137
1804
89
428
5550
420
69
603
51
71
568
51
74
734
54
125
886
86
136
1751
82
423
5538
437
69
604
51
70
563
51
103
786
58
105
909
116
136
1827
86
477
6032
434
69
636
53
101
569
53
80
849
58
101
957
88
139
1852
90
