5257
26015
408
2471
13504
116
1323
5928
75
549
3268
47
463
3142
39
461
3166
46
4123
25282
401
2164
13233
90
1094
6778
90
727
3499
48
511
3382
46
505
3339
51
4190
25639
410
2189
13427
114
1102
5947
56
561
3277
47
463
3109
50
449
3170
52
4128
25407
396
2167
13414
98
1116
7315
92
833
3821
52
464
3271
54
496
3822
65
4137
25312
404
2174
13306
100
1107
6845
105
660
3464
49
472
3253
42
454
3255
51
4111
25491
407
2165
13285
96
1129
5769
51
505
3296
41
444
3113
47
451
3348
50
4150
25274
412
2161
13041
110
1132
6999
105
649
3361
52
472
3155
48
475
3266
39
4140
25303
402
2165
13515
85
1102
5855
70
456
3320
46
474
3223
43
460
3194
48
4154
25518
400
2158
13635
111
1113
6898
88
821
3342
56
436
3160
54
490
3113
49
4203
25515
410
2185
13490
104
1033
6529
61
497
3322
43
431
3032
52
516
3014
49
4140
25398
416
2174
13317
84
1099
7051
94
747
3675
48
432
2874
49
437
3013
50
4147
26049
430
2240
13686
91
1090
5827
64
446
3379
53
440
3097
51
447
3172
47
4126
25778
408
2182
13662
102
1108
6802
67
499
3455
58
530
3269
54
497
3340
48
4395
27485
409
2238
13257
99
1096
7218
98
759
3533
43
440
3074
41
445
3134
45
4137
25546
405
2217
13448
99
1129
7551
105
711
3501
45
437
2958
38
452
3062
41
4166
25473
407
2195
13586
117
1145
6023
60
506
3014
51
442
3121
50
443
3044
51
4159
25703
414
2206
13502
110
1140
6889
93
554
3251
50
442
2991
51
474
3077
50
4141
25625
402
2246
13442
122
1093
7304
87
751
3651
52
454
3092
55
472
3105
49
4112
25670
413
2156
13724
110
1138
6909
63
480
3491
56
465
3301
51
466
3313
47
4131
25824
417
2202
14055
99
1043
6087
70
530
3341
52
469
3200
47
476
3407
42
4382
28531
737
2307
13380
106
1140
6435
64
524
3427
54
463
3233
39
502
3365
43
4177
25726
405
2190
13657
116
1117
7088
94
669
3761
69
483
3350
54
560
3537
46
4138
25718
415
2224
13701
110
1305
7454
102
763
4090
43
491
3326
49
494
3530
54
4164
25723
408
2210
13578
97
1160
6718
62
587
3364
57
498
3192
57
475
3395
53
4156
25621
408
2185
13952
105
1154
6131
65
529
3369
46
475
3315
48
479
3246
52
4142
25539
416
2303
13790
122
1172
7127
105
516
3753
54
475
3242
42
486
3317
48
4202
25965
412
2199
13706
119
1153
7494
103
833
3679
51
478
3363
45
463
3430
44
4179
26507
408
2224
13733
125
1143
7186
99
799
3644
49
472
3211
51
456
3244
51
4196
26114
409
2292
13604
94
1191
7505
101
841
3579
48
464
3221
52
474
3444
55
4254
26538
408
2232
14329
100
1203
7714
95
811
4187
53
482
3337
52
468
3541
54
4140
25847
407
2183
14058
108
1154
7157
97
581
3317
56
455
3208
51
455
3272
55
4158
25899
401
2226
13775
91
1168
5611
70
529
3340
39
455
3253
46
461
3262
53
4245
25721
409
2226
14224
106
1127
7733
109
866
3156
39
455
3015
43
452
3206
50
4192
26260
412
2199
13714
104
1185
7372
105
848
5124
48
480
3029
41
482
3150
47
4174
25764
423
2234
14304
128
1069
7103
104
703
3558
47
464
3122
40
463
3110
44
4175
25961
429
2184
13925
107
1150
5869
68
510
3266
54
457
3364
54
472
3363
48
4157
25961
406
2238
13805
115
1101
7287
98
712
3467
51
445
2999
39
442
3072
45
4166
25960
427
2222
13883
96
1140
6883
97
617
3400
51
451
3107
50
446
3139
50
4161
25525
411
2221
13535
85
1142
6782
111
576
3375
43
443
3070
41
448
3194
53
4231
25513
405
2183
13557
104
1120
6891
68
525
3314
49
447
3083
45
447
3013
38
4147
25678
410
2216
13450
114
1101
6206
74
507
3257
46
452
3037
39
447
3018
44
4191
25454
410
2178
13562
106
1120
6891
107
661
3204
41
435
3127
47
444
3111
47
4190
25559
407
2227
13772
94
1132
7278
96
837
3524
46
446
2930
51
435
3019
51
4170
25425
396
2265
13865
99
1171
6748
101
561
3320
43
463
2968
46
449
3292
50
4171
25386
407
2191
13629
110
1137
6838
98
586
3163
56
432
2851
47
439
3053
37
4171
25515
423
2221
13818
90
1110
5852
42
516
3500
49
502
3335
51
465
3298
51
4182
26043
426
2266
13665
118
1148
6716
100
725
3467
52
441
2967
52
445
3072
49
4172
25704
403
2200
13797
93
1132
6956
64
566
3401
43
432
2973
44
441
3157
49
4155
25833
401
2202
14040
103
1075
7076
100
836
3361
54
438
2971
51
469
3153
54
4188
25588
402
2206
13782
115
1079
7584
103
813
3488
50
444
3096
55
445
3082
47
