8995
54816
706
1126
6067
59
1170
6100
61
1209
6348
67
999
6437
430
8646
114156
414
6608
52252
676
712
3678
66
693
3655
37
716
3362
46
673
3696
396
6147
81856
417
6495
53268
686
679
3692
67
701
3652
44
719
3467
49
669
3629
380
6198
98263
440
6713
52162
643
684
3632
51
701
3540
36
725
3456
41
694
3729
383
6566
77603
419
7026
57577
685
1153
6275
87
1209
6043
59
1225
6351
60
1039
6084
423
9215
68795
417
7174
53618
676
686
3643
46
691
3565
49
717
3452
49
738
3893
399
7075
108702
423
6930
55348
678
660
3772
75
690
3560
37
715
3447
51
682
3746
378
7739
87577
415
6947
54789
694
697
3728
58
706
3576
38
727
3489
44
685
3761
407
7568
133654
419
6988
57189
732
670
3715
58
698
3514
45
714
3465
50
716
4043
405
7237
72058
428
7317
58823
739
1099
6214
77
1158
6199
61
1205
6416
59
1143
6405
425
9600
87515
412
7119
56976
716
679
3737
57
740
3589
39
728
3508
41
698
3922
399
6769
92616
409
7381
55664
698
674
3733
60
696
3709
39
719
3499
46
676
3651
431
7354
96652
405
7477
57414
708
679
3665
44
709
3589
39
719
3465
44
703
3873
412
6329
111503
405
6865
56406
826
701
3705
41
695
3553
38
719
3419
42
711
3747
400
6273
145897
411
6897
55003
696
700
3915
52
700
3587
37
717
3471
41
692
3668
406
6405
100481
406
6927
55013
699
682
3693
53
704
3542
40
727
3479
42
716
3828
412
7671
94741
426
7352
57284
820
683
3718
63
702
3587
40
726
3466
51
689
3681
390
6310
88706
406
7387
56149
680
679
3734
55
697
3638
38
721
3478
44
691
3814
399
7791
65066
413
7151
56970
665
685
3677
61
697
3584
38
726
3483
44
687
3785
396
7120
97870
421
6877
60442
775
1188
6444
78
1163
6385
63
1213
6433
59
1062
6647
417
8927
141660
414
7657
62082
833
686
3819
66
714
3685
37
769
3448
46
693
3601
375
7425
89826
409
7464
59651
720
745
4001
45
743
3817
40
752
3682
45
699
4034
371
6795
85380
431
6208
53006
671
670
3626
61
695
3595
36
713
3472
40
696
3843
373
6806
92556
422
6806
50973
676
669
3781
56
694
3629
38
706
3466
41
687
3807
385
7029
122331
411
7098
53716
653
693
3715
56
693
3609
38
735
3446
47
676
3703
378
6735
110239
418
6957
54614
793
688
3641
42
697
3607
44
730
3487
47
705
3805
373
6462
66282
411
6883
53199
659
678
3876
42
689
3599
52
728
3497
49
713
3801
352
6997
91790
431
6836
53175
650
687
3688
42
688
3529
37
728
3486
42
684
3794
376
6487
117729
424
7193
54325
700
684
3685
55
693
3608
36
731
3509
42
693
3793
421
7594
114418
414
6871
53482
673
680
3731
59
682
3542
37
716
3444
41
701
3790
379
7412
87154
422
6857
53624
683
705
3834
41
705
3609
36
733
3512
43
700
3854
362
8428
78621
414
7316
54257
692
690
3774
55
683
3581
37
741
3500
46
684
3761
408
6952
108635
418
6622
55882
711
673
3770
70
699
4776
61
1212
6415
59
1056
6253
428
8207
109276
439
6712
54603
689
693
3719
59
706
3630
38
734
3512
43
672
3797
357
7340
87399
416
7192
54866
684
686
3717
42
701
3639
47
725
3512
50
704
3815
399
6631
91190
419
6961
55627
700
680
3701
44
706
3630
36
723
3457
44
684
3662
381
6779
72795
418
6933
51830
638
684
3796
40
696
3594
37
730
3527
43
701
3649
350
6140
84793
421
6648
50745
650
661
3595
56
688
3550
37
737
3463
42
689
3576
344
7076
75943
423
6689
51948
660
670
3684
56
709
3593
35
725
3489
41
706
3930
376
6136
105630
429
7065
52183
638
658
3593
54
694
3602
36
727
3463
42
686
3699
396
7299
147099
414
7001
55884
743
707
3834
42
706
3677
39
723
3451
45
669
3878
420
7842
81251
410
7519
63451
782
692
3816
86
701
3704
50
745
3546
41
706
3926
453
7715
77901
421
8404
62699
800
713
3757
65
718
3728
39
735
3524
46
707
3856
433
7207
85187
411
7899
63321
789
703
3972
50
691
3678
49
727
3567
46
676
3897
415
6624
67372
411
7500
62072
789
671
3765
66
694
3586
44
719
3488
51
742
3790
419
6578
