10036
69885
999
609
4034
60
499
3475
52
475
3129
57
582
3542
411
10175
125659
421
9334
80281
1084
715
4057
97
480
3367
48
458
3026
48
645
3675
407
7251
85333
452
9773
79426
1034
600
4091
60
505
3340
52
468
3075
56
615
3879
405
6463
107988
423
10528
80732
1108
641
4372
64
562
3866
66
528
3551
64
701
4837
406
8681
115245
421
9794
78555
1117
580
3960
53
537
3212
49
453
2995
53
581
3587
420
10523
84469
407
9100
73521
1198
636
3829
53
466
3228
55
466
3090
60
640
3466
405
6544
133085
411
8898
71580
1356
562
3701
56
503
3248
50
447
3141
70
623
3784
422
7495
139914
421
8874
72503
1063
642
4219
75
475
3462
45
452
3103
50
686
3565
417
7366
93333
411
8817
71969
1002
565
3904
59
469
3309
46
441
2848
47
555
4273
424
8752
81942
426
8808
72647
949
558
3698
54
447
3084
44
428
2783
54
539
3360
418
8019
111381
567
8953
71485
894
566
3603
72
443
3149
39
415
2821
54
618
3122
410
5836
124757
427
9245
70635
955
542
3786
63
441
3095
46
443
2775
45
530
3183
419
8081
83949
421
8635
69748
898
542
3684
53
458
3105
50
427
2784
50
523
3132
409
6054
180309
434
9842
75892
892
582
4118
57
485
3233
52
456
2970
57
637
3685
404
6737
169280
420
9689
75564
876
639
3777
82
472
3528
46
493
2981
55
558
3417
408
7882
72772
433
9490
75839
926
603
4006
60
524
3445
48
493
3102
56
617
3432
408
6410
118415
433
9635
75741
974
646
4347
74
536
3834
57
524
3546
64
721
4301
416
12177
140550
421
10015
81209
1047
715
4318
82
487
3402
50
488
3069
52
646
4281
422
9651
124134
423
9582
76369
896
583
4064
57
511
3456
58
511
3175
55
625
3843
408
8205
117205
429
9098
74278
998
620
4037
56
461
3190
54
451
3029
51
645
3526
413
6466
137342
416
8725
73783
1008
588
3878
63
472
3528
51
452
3066
49
635
3531
413
9041
112455
438
9323
76007
1087
576
4052
58
557
3432
51
452
2877
60
586
3551
412
7642
143881
452
8785
73377
956
567
4039
82
463
3344
44
448
2945
57
616
3791
413
6946
88278
449
9458
76049
909
602
3970
58
488
3443
52
449
3033
53
632
3938
412
11051
174227
449
8460
70183
930
534
3605
59
437
2968
44
436
2769
44
550
3263
421
8418
97863
420
8703
67817
1079
544
3772
55
433
3044
49
422
2697
47
578
3135
416
7384
97745
414
8592
68803
919
541
3685
55
441
2969
47
427
2702
46
555
3223
409
7917
122775
417
8523
69991
866
592
3917
70
546
3306
47
448
3009
52
721
3978
413
7844
110183
423
8251
68080
979
566
3638
54
460
3204
48
468
2912
53
556
4002
407
7033
111183
416
9629
74388
1010
649
4296
106
553
3914
56
527
3526
73
722
5282
411
7098
133274
424
9258
73597
892
570
3906
53
469
3229
45
442
2892
51
565
4263
407
10592
82380
410
8954
71522
1048
563
3857
62
486
3218
48
467
2969
48
621
3926
429
8075
81105
438
9213
75452
1030
563
3778
64
488
3383
44
445
2961
46
582
3943
418
6480
79602
424
8610
68486
856
545
3646
56
441
2969
43
430
2743
48
564
3366
430
7020
111302
441
8623
72082
970
590
3805
60
451
3153
47
432
2836
51
569
3695
407
6426
75176
414
8598
70503
852
561
3612
59
461
3107
48
427
2803
48
665
3382
409
11427
158055
425
8838
75589
877
612
4097
62
472
3354
50
454
2937
51
567
3443
418
9120
83121
416
8975
71848
930
565
3845
66
503
3123
46
428
2820
50
556
3308
410
6942
90902
440
8714
73239
902
587
3812
64
472
3137
43
437
2908
45
622
3850
408
7599
113944
416
8621
75259
1050
669
4135
73
533
3570
55
493
3392
63
685
4141
424
6899
150091
426
8789
69206
865
565
3769
52
469
3130
50
450
2868
55
583
3560
408
8194
141470
412
8833
67601
912
539
3589
66
429
2984
39
418
2800
48
590
3282
408
6776
83160
427
9155
68368
844
524
3609
69
431
3026
43
415
2737
45
545
3185
416
6391
81185
417
8277
69690
854
563
3563
59
451
3006
48
426
2790
48
551
3266
416
7395
120490
437
8525
68827
979
559
3515
55
440
3015
47
421
2711
51
588
3047
416
6403
161179
435
8813
71954
966
554
3784
50
467
3176
48
427
2863
49
582
3278
420
7164
139605
412
9078
75754
973
676
4247
62
517
3714
64
507
3480
67
673
5195
417
10569
131091
423
8579
71881
899
706
3888
57
466
3260
53
430
2901
53
580
3474
412
6907
92213
435
8764
68470
911
545
3707
60
443
3087
50
445
2832
50
568
3331
416
7181
97413
420
8916
73776
1048
575
3926
68
492
3487
55
487
3146
59
620
4239
424
10316
125415
422
